30
0 1 305
1 0 305
1 2 117
1 26 57
2 1 117
2 3 84
3 2 84
3 4 119
4 3 119
4 5 116
5 4 116
5 6 92
6 5 92
6 7 56
7 6 56
7 8 71
8 7 71
8 9 91
9 8 91
9 10 122
9 29 220
10 9 122
10 11 182
11 10 182
11 12 275
12 11 275
12 13 153
13 12 153
13 14 151
13 27 267
14 13 151
14 15 66
15 14 66
15 16 139
16 15 139
16 17 104
17 16 104
17 18 29
18 17 29
18 19 27
19 18 27
19 20 44
20 19 44
20 21 70
21 20 70
21 22 91
22 21 91
22 23 388
23 22 388
23 24 436
24 23 436
24 25 12
24 23 436
24 26 87
25 24 12
26 1 57
26 24 87
27 13 267
27 28 123
28 29 107
28 27 123
29 9 220
29 28 107